[{"id": 0, "img_name": "rgb_000.png", "width": 1280, "height": 720, "position": [0.143051994425328, -0.051698736557391434, 0.8398361257241231], "rotation": [[-0.6736820046300198, -0.43779162547201306, 0.5953915092644926], [-0.7274804249510664, 0.25102851440094925, -0.6385584673862437], [0.13009530333833644, -0.8633210165542277, -0.4875982305393252]], "fy": 649.366455078125, "fx": 650.156005859375}, {"id": 1, "img_name": "rgb_001.png", "width": 1280, "height": 720, "position": [0.24222262276062587, 0.1430342971397981, 0.8017056086710928], "rotation": [[-0.7871497427266195, -0.1021535132917911, 0.608243324868889], [-0.6106053939316457, 0.26806780319642903, -0.7451850144702455], [-0.0869271846259652, -0.9579688474118478, -0.2733849885443948]], "fy": 649.366455078125, "fx": 650.156005859375}, {"id": 2, "img_name": "rgb_002.png", "width": 1280, "height": 720, "position": [0.3481618509185623, 0.24816019746255416, 0.8132136194883277], "rotation": [[-0.8221059053160045, 0.018099938601310882, 0.5690468106115534], [-0.5471636008187852, 0.2510887374693422, -0.7984775763007202], [-0.15733364034297734, -0.9677948326678958, -0.19651790625219384]], "fy": 649.366455078125, "fx": 650.156005859375}, {"id": 3, "img_name": "rgb_003.png", "width": 1280, "height": 720, "position": [0.48528988527384814, 0.28746399283406526, 0.7329290039565842], "rotation": [[-0.9617450471197609, 0.008163425270547251, 0.27382443796794237], [-0.27169900715529394, 0.09933933969080701, -0.9572415291349521], [-0.03501590854789924, -0.9950201274736336, -0.09332112339078655]], "fy": 649.366455078125, "fx": 650.156005859375}, {"id": 4, "img_name": "rgb_004.png", "width": 1280, "height": 720, "position": [0.5420196260502907, 0.2540046121005735, 0.654700806338239], "rotation": [[-0.9995213397253321, -0.011884280396534276, -0.02856318107518187], [0.029544675506693575, -0.09282939887534496, -0.9952435957360621], [0.009176251025405608, -0.995611102079471, 0.09313608233772817]], "fy": 649.366455078125, "fx": 650.156005859375}, {"id": 5, "img_name": "rgb_005.png", "width": 1280, "height": 720, "position": [0.6020976475394618, 0.23884506745176082, 0.5271285912094029], "rotation": [[-0.998831516813097, -0.013364082630781638, -0.04644353901551298], [0.048083096455158, -0.17816961472521023, -0.9828242997728304], [0.004859717700834986, -0.9839090352690679, 0.1786040130001573]], "fy": 649.366455078125, "fx": 650.156005859375}, {"id": 6, "img_name": "rgb_006.png", "width": 1280, "height": 720, "position": [0.5394899160147483, 0.21638402916240937, 0.7589254383283257], "rotation": [[-0.9905999723194597, -0.025023966644845536, 0.13448232573109004], [-0.13675698351717885, 0.15934602774029885, -0.9777046440017916], [0.003036823993485241, -0.9869055904881406, -0.16127037286273935]], "fy": 649.366455078125, "fx": 650.156005859375}, {"id": 7, "img_name": "rgb_007.png", "width": 1280, "height": 720, "position": [0.37322317800074695, 0.22425048556370725, 0.8939621823457994], "rotation": [[-0.8802648791533816, -0.04998373021900067, 0.4718425258944732], [-0.44974459282335794, 0.4048000478623914, -0.7961574734163824], [-0.15120695670250875, -0.9130380868090882, -0.37881117760800803]], "fy": 649.366455078125, "fx": 650.156005859375}, {"id": 8, "img_name": "rgb_008.png", "width": 1280, "height": 720, "position": [0.2493751976385023, 0.16105775125867466, 0.8989950766718673], "rotation": [[-0.9356421153917909, -0.20779753197236148, 0.28529636803045677], [-0.3526201187494701, 0.5153898095893148, -0.7810457067448738], [0.015260529423453444, -0.8313804964501424, -0.5554940020954594]], "fy": 649.366455078125, "fx": 650.156005859375}, {"id": 9, "img_name": "rgb_009.png", "width": 1280, "height": 720, "position": [0.045071660015838164, 0.1263147060995954, 0.9232681012210858], "rotation": [[-0.796841092796887, -0.34602984160788824, 0.49528539403770255], [-0.5977599805491558, 0.33224135286293915, -0.7295880269725349], [0.0879049400439778, -0.8774275082105777, -0.4715863540765792]], "fy": 649.366455078125, "fx": 650.156005859375}, {"id": 10, "img_name": "rgb_010.png", "width": 1280, "height": 720, "position": [-0.05427816224473319, -0.00031160116915582016, 0.9395538931924265], "rotation": [[-0.6344993392772933, -0.3574064673116664, 0.6853256201109604], [-0.7693863322717349, 0.3767842696502977, -0.5158277676294084], [-0.07385973307645555, -0.8545725430107654, -0.5140530211583122]], "fy": 649.366455078125, "fx": 650.156005859375}, {"id": 11, "img_name": "rgb_011.png", "width": 1280, "height": 720, "position": [-0.02491168281074905, -0.4843998995226204, 0.7325579204329251], "rotation": [[0.09517831935182497, -0.08225795665543967, 0.9920558029124337], [-0.995315398306621, -0.024863572823074366, 0.09342944204159633], [0.016980736706467457, -0.9963008738896816, -0.08423908396677945]], "fy": 649.366455078125, "fx": 650.156005859375}, {"id": 12, "img_name": "rgb_012.png", "width": 1280, "height": 720, "position": [-0.11658312249122164, -0.2750409703122081, 0.7828515640451361], "rotation": [[-0.07676248437361095, -0.1588704732906251, 0.9843107708997214], [-0.9961151625385066, 0.05494676748693945, -0.06881450213160366], [-0.04315210254061039, -0.9857692556877339, -0.1624711377050569]], "fy": 649.366455078125, "fx": 650.156005859375}, {"id": 13, "img_name": "rgb_013.png", "width": 1280, "height": 720, "position": [-0.08220173535235506, -0.07936188415809078, 0.8001222271846588], "rotation": [[-0.6435313374271043, -0.2555467628583912, 0.7215007066814825], [-0.7651230842013435, 0.18852670959087986, -0.6156657744207157], [0.02130924145776411, -0.9482370651706422, -0.31684757291963145]], "fy": 649.366455078125, "fx": 650.156005859375}, {"id": 14, "img_name": "rgb_014.png", "width": 1280, "height": 720, "position": [-0.027125229464047215, 0.05336712229082449, 0.8236630606139373], "rotation": [[-0.5358505928549013, -0.20562783346158006, 0.8188903078208625], [-0.8442748951227469, 0.13969065009540502, -0.5173842128838078], [-0.008002724693800105, -0.9686091659600479, -0.24845973520000228]], "fy": 649.366455078125, "fx": 650.156005859375}, {"id": 15, "img_name": "rgb_015.png", "width": 1280, "height": 720, "position": [-0.00881640793389904, -0.4677037008423038, 0.5180871297316271], "rotation": [[0.09660796190320711, 0.20106187120239047, 0.9748030701867436], [-0.994191233333527, -0.027188498349421292, 0.10413729937089597], [0.047441471938259094, -0.9792011588565939, 0.19726732429430516]], "fy": 649.366455078125, "fx": 650.156005859375}, {"id": 16, "img_name": "rgb_016.png", "width": 1280, "height": 720, "position": [-0.07208120689334852, -0.32497163286162656, 0.5646708759667408], "rotation": [[-0.10767321550850584, 0.04254383984045513, 0.9932756416794327], [-0.9880249301550585, -0.11563690356870486, -0.10215108381771365], [0.11051342024455832, -0.9923800321573745, 0.05448537162558327]], "fy": 649.366455078125, "fx": 650.156005859375}, {"id": 17, "img_name": "rgb_017.png", "width": 1280, "height": 720, "position": [-0.15209563495035974, -0.08492750377174346, 0.6541647041465529], "rotation": [[-0.30450285215363676, -0.023713109556535522, 0.9522162052104867], [-0.9524925805396315, 0.013868730400894341, -0.3042458583679003], [-0.00599141446182645, -0.9996226021615491, -0.02680962887694534]], "fy": 649.366455078125, "fx": 650.156005859375}, {"id": 18, "img_name": "rgb_018.png", "width": 1280, "height": 720, "position": [-0.02077195825185365, -0.016426342978387343, 0.9249184236351548], "rotation": [[-0.7050524640852311, -0.40876927267641794, 0.5794900383983627], [-0.7036469368378682, 0.3015972886145369, -0.64336619726175], [0.08821570815919814, -0.8613633131356083, -0.5002711580913086]], "fy": 649.366455078125, "fx": 650.156005859375}, {"id": 19, "img_name": "rgb_019.png", "width": 1280, "height": 720, "position": [0.09315048561240481, 0.06860932653873589, 0.9745844594159473], "rotation": [[-0.8305875325242652, -0.2848361065514372, 0.47853186228282685], [-0.5566134722367025, 0.3976349725995248, -0.7294298260219255], [0.017486947699746187, -0.8722126007862954, -0.4888142650227719]], "fy": 649.366455078125, "fx": 650.156005859375}]